128
32
32
4 2
4 2
4 2
4 2
4 2
4 2
4 2
3 7
1 9
2 13
2 13
4 5
4 5
4 5
4 5
4 5
4 5
8 8
8 8
8 8
3 8
1 9
4 3
3 3
3 3
3 3
3 3
3 3
3 3
3 3
3 3
3 3
15 3
15 3
2 14
2 2
2 2
2 2
2 2
2 2
2 2
2 2
2 2
2 2
2 2
2 2
2 2
2 2
2 2
2 2
1 9
2 2
2 2
2 2
2 2
2 2
2 2
2 2
2 2
2 2
2 2
2 2
2 2
2 2
2 2
1 9
30 1
15 1
15 1
10 1
3 3
3 3
4 3
10 1
8 1
2 1
2 1
8 1
10 1
10 1
15 1
15 1
30 1
8 10
8 10
8 10
8 10
8 10
8 10
8 10
8 10
8 10
8 10
8 10
10 10
10 10
10 10
10 10
10 10
10 10
10 10
10 10
10 10
10 10
25 3
25 3
25 3
25 3
25 3
25 3
25 3
25 3
25 3
25 3
32 2
32 2
32 2
2 32
2 32
2 32
16 32
16 32
16 32
